10000
3 0.15 1 50 0.6142 0.939494 0.996626 0.004864206 0.0007635016 0.001145819 4.207501e-05 6.321908e-05 6.754288e-05 0.3881187 0.002885004 0.7002133 0.003473404 -0.02110102 -0.01975577 -0.02109306 -0.0241042 -0.02063378 0.01646299 0.01867613 0.02025933 0.02263146 0.02509642 671 819 907 1155 1332
3 0.15 1 100 0.614308 0.939034 0.996629 0.002400821 0.0003840999 0.0005774046 2.115438e-05 3.096671e-05 3.290965e-05 0.3927088 0.001449435 0.6999807 0.001726034 -0.01028053 -0.01075227 -0.01104662 -0.009309563 -0.01030167 0.007537654 0.008122958 0.008709094 0.009197924 0.00982305 557 661 763 839 955
3 0.15 1 250 0.613658 0.939254 0.9966556 0.0009112926 0.0001425583 0.0002297785 7.267342e-06 1.342802e-05 1.332992e-05 0.3950889 0.0005717108 0.6997117 0.0006581815 -0.003815319 -0.004466347 -0.004430439 -0.00334588 -0.004106073 0.002901661 0.003006225 0.003091588 0.003137848 0.003243565 522 555 602 626 658
3 0.15 1 500 0.614422 0.9391448 0.996634 0.0004622761 7.229412e-05 0.0001145777 4.589711e-06 6.32723e-06 6.745919e-06 0.3957741 0.0002866929 0.7001339 0.0003333431 -0.002103791 -0.001732557 -0.00192802 -0.001874022 -0.002600096 0.001446463 0.0014932 0.001460927 0.00147067 0.001468392 520 562 546 560 545
3 0.15 1 1000 0.6142766 0.9393463 0.9966328 0.0002345191 3.629924e-05 5.588917e-05 1.978765e-06 3.205782e-06 3.336298e-06 0.3959704 0.0001417601 0.7001705 0.0001674276 -0.001166416 -0.001459149 -0.0009043223 -0.000695621 -0.0009329259 0.000692196 0.0007150788 0.0007586052 0.000738551 0.0007232685 474 523 587 556 537
3 0.15 0.95 50 0.6147251 0.9393844 0.9966349 0.004877584 0.0007842955 0.001194818 3.867446e-05 6.857479e-05 7.185266e-05 0.3879862 0.003007792 0.7004963 0.003523264 -0.02346489 -0.02061331 -0.02420307 -0.02060844 -0.02160575 0.02393101 0.02635801 0.02829343 0.0313657 0.03397405 599 732 863 1037 1234
3 0.15 0.95 100 0.613878 0.9391219 0.9966443 0.002485381 0.0003875827 0.0006001495 1.789029e-05 3.369759e-05 3.524161e-05 0.3925704 0.001503562 0.6997627 0.001777383 -0.009649915 -0.01021177 -0.01115964 -0.01117672 -0.0102601 0.01089352 0.01164607 0.01235896 0.01273177 0.01356661 566 606 717 761 829
3 0.15 0.95 250 0.6142461 0.9394476 0.9966464 0.0009990733 0.0001631003 0.000241685 8.053429e-06 1.194001e-05 1.364608e-05 0.3945624 0.0006054919 0.7002267 0.0007202631 -0.003420209 -0.004132874 -0.004100632 -0.004344603 -0.003265773 0.004136509 0.00425194 0.004352117 0.004499831 0.004517305 490 520 559 622 602
3 0.15 0.95 500 0.6140367 0.9392631 0.996641 0.0005069766 7.843727e-05 0.0001210777 4.115105e-06 6.713954e-06 6.936357e-06 0.3956752 0.000305028 0.6999605 0.000361566 -0.001996741 -0.001242926 -0.002304321 -0.002307688 -0.002192463 0.002090607 0.002093984 0.002070423 0.002129872 0.002161441 534 540 490 540 549
3 0.15 0.95 1000 0.6140678 0.9392094 0.9966128 0.000240507 3.835683e-05 6.038051e-05 1.823695e-06 3.236379e-06 3.572344e-06 0.3962066 0.0001502845 0.6999267 0.0001739083 -0.001025323 -0.001017445 -0.0004414998 -0.0007245183 -0.001196994 0.001032793 0.001044445 0.001039255 0.001057495 0.001037649 459 533 498 522 520
3 0.15 0.9 50 0.6139162 0.9389657 0.9967097 0.005220234 0.0008413751 0.001321013 4.180109e-05 7.483634e-05 7.173401e-05 0.3879992 0.003245654 0.6997277 0.003790669 -0.02707315 -0.0240577 -0.0239623 -0.02465783 -0.02430355 0.03364636 0.03350129 0.03818615 0.04039891 0.04318942 615 645 799 920 1032
3 0.15 0.9 100 0.6148228 0.9394096 0.9966386 0.002677698 0.0004138037 0.0006268068 1.494714e-05 3.415864e-05 3.753147e-05 0.3916577 0.001587767 0.7005807 0.001896825 -0.01114071 -0.01211339 -0.0125174 -0.01266083 -0.01015165 0.01515611 0.01585055 0.01633053 0.01714151 0.01741326 561 586 628 721 712
3 0.15 0.9 250 0.6136622 0.9390381 0.9966389 0.001075655 0.0001689669 0.0002573867 8.934997e-06 1.373838e-05 1.487374e-05 0.3951046 0.0006475882 0.6995595 0.0007694205 -0.004198081 -0.004679148 -0.00455828 -0.003764554 -0.00358143 0.00581844 0.005964732 0.00587627 0.006090133 0.006191698 521 557 548 601 614
3 0.15 0.9 500 0.6142307 0.9391796 0.9966249 0.0005154172 8.250317e-05 0.0001260472 4.762513e-06 6.874996e-06 7.266781e-06 0.3957169 0.0003169021 0.7000234 0.0003720055 -0.002410121 -0.003008677 -0.002437726 -0.002653492 -0.001772428 0.002851049 0.002916586 0.002881935 0.002939766 0.002915755 513 540 512 514 513
3 0.15 0.9 1000 0.6141959 0.9392417 0.9966344 0.0002603427 4.169157e-05 6.406944e-05 2.491479e-06 3.696359e-06 3.749034e-06 0.3960696 0.000161709 0.700048 0.0001884089 -0.0009936505 -0.000595672 -0.001321119 -0.001432241 -0.0006898139 0.001430463 0.001424614 0.001442007 0.001436114 0.00142962 497 502 519 553 501
3 0.15 0.85 50 0.6140206 0.939679 0.9966626 0.005699094 0.0009168333 0.001365012 5.303392e-05 7.321224e-05 7.716038e-05 0.3864899 0.003446419 0.7002414 0.004101078 -0.02621712 -0.01927244 -0.02635494 -0.0232181 -0.02399098 0.04422834 0.04673744 0.05012135 0.05321718 0.05667617 589 683 779 870 1028
3 0.15 0.85 100 0.613746 0.9391453 0.99661 0.002802966 0.0004255143 0.0006720327 1.971569e-05 3.789441e-05 3.945817e-05 0.3921035 0.001677591 0.6996676 0.001991425 -0.01160062 -0.01166776 -0.01186414 -0.01231225 -0.01149389 0.01979305 0.020707 0.02177877 0.02230625 0.02357459 509 589 617 690 730
3 0.15 0.85 250 0.6141625 0.9391495 0.9965935 0.001091741 0.0001694171 0.0002634253 9.495035e-06 1.500113e-05 1.61181e-05 0.3948512 0.0006675915 0.699937 0.0007818272 -0.005408322 -0.005573393 -0.002925047 -0.005213323 -0.005100119 0.007609161 0.007873813 0.008073744 0.008071883 0.008141038 492 541 563 564 590
3 0.15 0.85 500 0.6141099 0.9393365 0.9966277 0.0005423472 8.767162e-05 0.0001327168 4.464323e-06 6.632044e-06 7.947025e-06 0.3955205 0.0003324587 0.7000494 0.0003913542 -0.0029095 -0.003527042 -0.002004575 -0.002607227 -0.003561511 0.003917833 0.003839194 0.003858064 0.003971374 0.003985902 541 497 510 573 551
3 0.15 0.85 1000 0.6141384 0.9392149 0.9965983 0.0002829157 4.487534e-05 6.772297e-05 2.377557e-06 3.798053e-06 4.021773e-06 0.3961309 0.0001716937 0.6999678 0.0002030055 -0.0008569886 -0.001029579 -0.00109933 -0.00108646 -0.00121898 0.00192421 0.001909346 0.001980623 0.001878894 0.001928748 535 520 537 491 545
3 0.15 0.8 50 0.6144369 0.9401601 0.9965318 0.005850985 0.0008534081 0.001379382 5.563392e-05 7.938505e-05 8.512396e-05 0.3857397 0.003461367 0.7007525 0.004129931 -0.03217708 -0.02882574 -0.02201162 -0.02613677 -0.02658832 0.05829782 0.06249931 0.06350023 0.06864661 0.07179795 615 684 734 856 927
3 0.15 0.8 100 0.614887 0.9395425 0.9966974 0.002908511 0.0004711453 0.0007068621 2.244186e-05 3.647139e-05 4.089756e-05 0.3909856 0.001784211 0.7007513 0.002096172 -0.01170023 -0.01187844 -0.01095889 -0.01023051 -0.01433767 0.02619528 0.02761909 0.02870692 0.0297456 0.02981631 551 570 612 667 692
3 0.15 0.8 250 0.6142769 0.9393755 0.9966436 0.001213055 0.0001790693 0.000280214 8.152176e-06 1.569182e-05 1.642111e-05 0.3943007 0.0007119279 0.7001974 0.0008513408 -0.004895851 -0.005688144 -0.004830232 -0.004731022 -0.004433815 0.01038311 0.01041468 0.01038495 0.01039429 0.01087552 534 525 541 548 587
3 0.15 0.8 500 0.6140786 0.9394741 0.9966079 0.0005971845 8.990367e-05 0.000143098 5.345506e-06 7.340906e-06 8.375706e-06 0.3953075 0.0003564235 0.7001071 0.0004239281 -0.002084448 -0.001993687 -0.003348171 -0.002980643 -0.001532757 0.005115544 0.005068585 0.005172019 0.005141063 0.005164682 531 532 522 542 543
3 0.15 0.8 1000 0.6138735 0.9392223 0.9966338 0.0002999531 4.680781e-05 7.308472e-05 2.81173e-06 3.746135e-06 4.112872e-06 0.3961258 0.0001819365 0.6998197 0.0002150587 -0.002240863 -0.001095104 -0.00169614 -0.001490971 -0.00121014 0.002497397 0.002506739 0.002540163 0.002440289 0.002569372 522 503 504 493 533
3 0.15 0.75 50 0.6148847 0.9394223 0.9965171 0.006240541 0.001013132 0.001582428 7.15364e-05 8.620029e-05 9.012549e-05 0.3856907 0.003898156 0.7005494 0.004557703 -0.03000232 -0.0268541 -0.02714963 -0.03072675 -0.02620342 0.07593322 0.08116128 0.08555219 0.08752146 0.09257843 587 689 755 814 879
3 0.15 0.75 100 0.6132936 0.9388787 0.9965695 0.003241004 0.0005313317 0.0007685954 2.324212e-05 4.173037e-05 4.51669e-05 0.3918859 0.001947934 0.6991612 0.002332167 -0.009449335 -0.01357722 -0.01009505 -0.01431234 -0.01322319 0.03450502 0.0356248 0.03678663 0.03726747 0.0389213 545 561 618 637 691
3 0.15 0.75 250 0.6132082 0.9393677 0.9966483 0.001244618 0.0002007619 0.0003040817 9.108215e-06 1.522071e-05 1.768991e-05 0.3945522 0.0007535571 0.6994828 0.0008962539 -0.00687303 -0.006583206 -0.007056711 -0.004648227 -0.006193671 0.01335985 0.01314926 0.01344459 0.01390238 0.01421928 529 525 557 569 625
3 0.15 0.75 500 0.6143831 0.9391799 0.9965771 0.0006391277 9.840786e-05 0.0001524798 6.929871e-06 8.822956e-06 9.041367e-06 0.3955309 0.0003892229 0.7000934 0.0004573201 -0.002844336 -0.003193857 -0.001654397 -0.002391305 -0.001373273 0.006527871 0.006575159 0.00659644 0.006651276 0.006700324 552 525 499 521 530
3 0.15 0.75 1000 0.6141459 0.9391993 0.9966295 0.0003182822 5.156236e-05 7.651895e-05 3.189241e-06 4.365645e-06 4.492526e-06 0.396046 0.0001953252 0.6999832 0.0002300125 -0.0008937047 -0.001099361 -0.0009540483 -0.001217682 -0.000946584 0.003254158 0.003198158 0.003235936 0.003255079 0.00320961 521 488 530 507 511
3 0.15 0.5 50 0.6138522 0.9394334 0.9965777 0.009700914 0.001492083 0.002299971 9.67439e-05 0.0001352046 0.0001393036 0.3802768 0.005797643 0.6999089 0.006928112 -0.05456891 -0.03975699 NaN NaN -0.04687434 0.3148707 0.3320561 NA NA 0.3670764 663 773 NA NA 924
3 0.15 0.5 100 0.6138648 0.938997 0.9966038 0.004787452 0.0007347563 0.001145828 4.745808e-05 6.562565e-05 6.740066e-05 0.3889347 0.002869361 0.6996437 0.003420605 -0.01654309 -0.02162464 -0.01800434 -0.03186276 -0.02125175 0.1345907 0.132503 0.1365464 0.137857 0.1423742 578 579 640 628 673
3 0.15 0.5 250 0.6141646 0.9392766 0.9965588 0.001882093 0.0002960536 0.0004596547 1.715127e-05 2.768378e-05 2.733251e-05 0.3934174 0.001159821 0.7 0.001355936 -0.007452787 -0.009012397 -0.008599959 -0.00701983 -0.008323298 0.04772138 0.04853314 0.05025789 0.04927558 0.05053079 501 521 580 532 577
3 0.15 0.5 500 0.613917 0.9392487 0.9966332 0.0009763 0.0001513781 0.0002268484 1.11541e-05 1.290575e-05 1.345832e-05 0.3949633 0.0005775618 0.6998659 0.0006966589 -0.004889007 -0.002839333 -0.001809541 -0.007221057 -0.002355021 0.02354271 0.02373921 0.02419245 0.02473158 0.02419942 514 524 528 539 520
3 0.15 0.5 1000 0.6140157 0.939231 0.9965906 0.0004762702 7.580744e-05 0.0001128076 5.523516e-06 6.369684e-06 6.873377e-06 0.3958379 0.0002891887 0.6998915 0.0003428233 -0.002086063 -0.0007647783 -0.001532355 -0.00157366 -0.0004826003 0.01174328 0.01168976 0.01196657 0.01188487 0.01187915 489 493 522 524 500
